742726
1285585
1437607
1339324
411903
997876
1365961
562
1339305
83333
216816
630
1637509
1302
1410647
889201
1339349
907
1318
82996
997896
1433289
1637497
1328449
748224
1339346
518634
525362
997873
1078091
591020
469615
218494
823
665950
1151432
1281020
1121098
1215064
469596
1232438
1450182
1676614
890402
411460
1040964
1328450
1315976
1151343
818
360102
1328448
1339340
936576
1637500
997889
742727
862962
658082
287
997874
356829
631
1638779
1385943
511145
568816
1454376
428128
1161417
997888
1262799
1121445
879309
702444
29484
471870
1232196
1281263
999407
1215071
1328432
999420
1450189
1637506
1151427
1035185
1073372
568814
1151364
1095771
1384063
1082705
1339296
1256908
45634
1281246
1345702
999416
1263034
1697794
1297617
1450191
1345705
411484
1235785
658661
1406818
997875
1397285
1637511
1215070
1151431
1324587
813
1339310
1111120
1328859
1351755
1005042
1339303
767463
997877
941323
742736
999417
451640
469605
537012
449673
272563
1150423
1685
1638783
904306
469585
820
28152
1151372
1638786
1248727
665942
349966
29486
758831
411486
999404
411901
1339342
295405
997885
1637508
1432549
997886
1263099
1339329
1114965
411481
1307
1389420
537011
35760
1343
411489
1637498
1226633
575614
1236517
1236512
1410646
411461
467705
1339339
1385940
556262
563191
997897
1281034
930406
1682
1339286
349747
263819
1339352
997887
1128398
665953
1577792
1108963
1365965
556260
1235788
702446
1073376
1150460
634500
1151415
1476973
1215061
762968
411483
1203540
1151425
483217
1411691
1150461
1214188
632
1339279
556270
615
748678
394503
1160721
1305
1697779
423211
1457185
1473546
1095733
445334
1161745
1327989
1151409
1261072
469590
999405
997894
1637505
391904
1454377
1532556
1156431
1339343
1683
633
329854
1262986
1273133
1121315
1500266
997890
768728
1441737
1151430
679199
1215086
994476
595495
1637504
1304866
817
999421
1232446
1133851
1036735
1268977
556258
470145
910311
701177
471855
1499682
1033731
702447
1443113
428125
997884
658081
1151416
1281141
469589
1339348
999410
33035
1336241
1269005
1339271
1281243
566552
658083
1389416
665943
1679
742768
1441733
537006
1298922
367190
1269002
1203611
658665
1077285
1609975
1215060
1579350
997891
1041521
1380773
469613
322159
699036
1245474
1345704
547043
511680
905067
218495
1423724
1215065
888825
1339325
1345706
1667357
910939
760570
1121112
1308
515619
623
742722
1506471
1211844
1280998
1235787
768492
720554
411902
1232442
658656
1268978
1122971
767031
700015
888833
479436
1304
1624
386656
1437597
1350473
1339284
1339295
1653434
411471
1194971
693746
1115816
1202534
97478
1339345
411485
1268061
1316911
1385938
1447716
411459
1339328
742743
999419
1268999
1035377
1051074
457397
585394
1235786
1579341
997892
1339320
1151289
1269009
1579339
712411
1130798
485
78345
85831
1073375
665951
999406
637386
140626
936589
1246365
1215076
457416
585054
1268997
1697789
1157946
469607
411473
1302863
1322347
1200793
1211813
388919
1435974
1214215
1269004
1406820
1605376
1397284
547048
1151437
1513468
889206
697329
1203593
1004952
1504823
1001989
1392870
411479
457388
518635
1638780
362948
1033730
658088
1440052
483215
1385941
1385939
187410
1282357
936591
195041
1392862
1235801
1408320
672190
1392849
1292024
768493
1350472
521003
999425
469591
585055
932213
658655
945704
451757
1232459
1339322
1637510
1339347
1619046
1214219
1441735
1110546
1273103
1334564
226186
1033732
1524467
445975
457396
457405
1339350
1121107
888048
880074
1339344
411477
1226322
1697788
239935
1214162
429727
1453495
1268996
1423145
1215066
1215080
1450184
1450187
469594
1432551
1121866
435842
1214192
1385942
1345707
1282358
1203555
1330457
1403831
585543
1161743
445973
1407067
762966
340184
34038
866778
1226324
1121101
1029822
1249634
527005
1637501
1215072
686660
649757
1403933
585544
742735
568813
411474
457389
1457186
1268986
1035817
537937
1276246
658663
305
326426
457412
997893
1339297
930944
1435046
1262915
1214152
768490
1658109
1460083
1410605
1115818
1519439
1385944
1314884
1450192
500633
1690
1050617
1280986
596322
1450186
1168290
936351
411463
180282
273123
155864
1095747
515620
1637499
273526
1348660
1214159
1269010
1505
1697784
198214
1121308
1262767
1226323
871738
1457183
1159092
1215062
1450183
1381597
1215069
1365969
29485
1232450
28025
1128111
1355100
1042404
873448
1358422
1313290
1697798
574521
1248903
272621
1437612
484018
1214179
1281781
563193
1365963
1046599
377628
685706
1385755
637385
1046629
585034
1236538
347253
1262464
1269000
1007064
450749
614
1339230
1133852
411476
585396
645462
1214204
1276647
1214177
745156
1410644
580050
469609
469588
29447
742733
411462
910964
1408178
1268991
561230
1349
401473
584
1637503
469592
457395
349746
699035
553174
679895
1499684
1457184
1410619
78346
1215081
682634
1773
1365966
445970
1235814
591001
1248823
1389424
1048332
1121303
28037
1073351
561180
1406821
411470
1345703
205913
1451191
637382
1365964
565042
693979
299768
679935
742765
469586
1078089
742734
1680
1269001
457398
471875
592028
866776
930942
272559
536231
1004951
1434184
699033
1415776
1167629
1697796
1339351
1269007
1156433
1441736
1248902
649756
502801
1695
663278
1332071
206672
457393
1437600
763034
699034
1236513
702443
1202535
1074482
1161424
556263
1434179
1658008
742818
483216
302911
1332070
999409
658089
1262850
31954
393305
1437608
1205679
1268981
1268989
548480
1365960
1218933
1236514
349741
1187956
502800
1078090
546273
1268979
1300227
1322345
742814
742742
158787
908612
1433288
759350
1074494
665941
1437595
1450181
399741
1215077
1214184
1638781
1697797
1263032
1262462
1402207
1236515
1214186
1006598
866777
451756
1441732
1402208
1075106
357809
1329907
1268976
1449050
1605
1339274
1224745
229193
1435461
264199
1414720
1365968
703
1339341
1274814
552531
1280675
411469
742732
1121335
385969
1214170
176090
1120921
1214202
518637
1214200
1268992
1214175
1301100
1232448
1632013
999408
742729
1215074
1248915
1359206
469597
469593
1268990
1268984
741091
742816
1184252
665954
999403
357276
1151116
1133853
1447715
1365962
1161744
525146
457391
610130
1450188
1379259
1215067
546367
1384484
649716
748672
1268240
435998
214092
573236
1496
537007
457387
445974
1069534
1048254
1345708
1268980
1163670
712898
1350471
997895
1232452
457394
1225722
1161904
479437
768727
1268975
450746
1378072
1423806
1133569
47917
1268985
1262466
457390
391295
1203608
1215075
1215085
585395
626939
1423799
435591
1042403
469610
1087448
216599
442563
1121333
1441734
1697785
621
1215079
1215084
435590
712961
1307441
993512
545697
927704
1346614
316435
1340847
1214190
1215082
585035
658662
1214176
1214169
1450190
28026
757424
1110693
1134782
555970
367928
470146
1005041
1229485
391296
565040
1268983
1453496
1579
1365967
591946
1201292
